  0%|          | 0/100 [00:00<?, ?it/s]Epoch 0 train       :   0%|          | 0/100 [00:00<?, ?it/s]tensor([[ 3.6206e+04,  1.4200e+02, -9.0000e+00],
        [ 4.9086e+04,  1.3000e+01,  0.0000e+00],
        [ 4.5539e+04,  9.6000e+01, -9.0000e+00],
        ...,
        [ 1.3060e+03,  1.3600e+02,  2.0000e+00],
        [ 2.9128e+04,  4.9000e+01,  4.0000e+00],
        [ 4.1376e+04,  1.3800e+02,  9.0000e+00]], dtype=torch.float64)
tensor([[ 1.3678e+04,  1.4900e+02, -1.0000e+00],
        [ 5.1884e+04,  1.2700e+02,  6.0000e+00],
        [ 1.0201e+04,  1.5000e+01, -8.0000e+00],
        ...,
        [ 4.7633e+04,  1.3000e+01,  3.0000e+00],
        [ 4.7828e+04,  9.1000e+01,  5.0000e+00],
        [ 6.1186e+04,  1.1000e+02, -1.0000e+00]], dtype=torch.float64)
tensor([[4.0720e+04, 1.4800e+02, 5.0000e+00],
        [3.7313e+04, 1.0700e+02, 5.0000e+00],
        [5.7864e+04, 6.2000e+01, 8.0000e+00],
        ...,
        [5.1695e+04, 8.0000e+00, 5.0000e+00],
        [2.0243e+04, 8.9000e+01, 9.0000e+00],
        [3.8615e+04, 8.0000e+00, 0.0000e+00]], dtype=torch.float64)
tensor([[ 4.9956e+04,  3.8000e+01,  2.0000e+00],
        [ 4.6801e+04,  8.9000e+01,  6.0000e+00],
        [ 3.3635e+04,  1.6000e+01,  8.0000e+00],
        ...,
        [ 9.6280e+03,  1.8000e+01,  6.0000e+00],
        [ 1.7994e+04,  3.2000e+01,  9.0000e+00],
        [ 1.4090e+03,  1.3300e+02, -6.0000e+00]], dtype=torch.float64)
tensor([[ 4.9963e+04,  1.2600e+02,  0.0000e+00],
        [ 5.2946e+04,  1.1900e+02,  9.0000e+00],
        [ 3.8248e+04,  5.0000e+01, -3.0000e+00],
        ...,
        [ 4.2500e+02,  3.2000e+01,  3.0000e+00],
        [ 5.8090e+03,  1.2900e+02,  4.0000e+00],
        [ 4.0199e+04,  6.8000e+01,  3.0000e+00]], dtype=torch.float64)
tensor([[ 2.2820e+04,  7.0000e+01,  1.0000e+00],
        [ 4.9787e+04,  1.1300e+02, -9.0000e+00],
        [ 5.1211e+04,  6.4000e+01, -7.0000e+00],
        ...,
        [ 1.1866e+04,  1.3900e+02,  1.0000e+00],
        [ 3.4021e+04,  7.0000e+00, -3.0000e+00],
        [ 6.1119e+04,  1.6000e+01, -4.0000e+00]], dtype=torch.float64)
tensor([[ 6.0388e+04,  1.4500e+02,  5.0000e+00],
        [ 5.5689e+04,  1.5000e+01, -8.0000e+00],
        [ 4.6819e+04,  1.2000e+02, -2.0000e+00],
        ...,
        [ 5.6700e+02,  2.1000e+01,  1.0000e+00],
        [ 2.4050e+04,  1.2900e+02,  7.0000e+00],
        [ 4.1852e+04,  7.6000e+01,  8.0000e+00]], dtype=torch.float64)
tensor([[ 3.8247e+04,  1.9000e+01, -3.0000e+00],
        [ 3.1700e+03,  1.1900e+02, -3.0000e+00],
        [ 5.7060e+04,  8.4000e+01,  7.0000e+00],
        ...,
        [ 5.2005e+04,  1.4500e+02,  6.0000e+00],
        [ 5.0603e+04,  2.3000e+01, -8.0000e+00],
        [ 1.8711e+04,  1.1100e+02,  0.0000e+00]], dtype=torch.float64)
tensor([[ 5.4637e+04,  1.2800e+02, -4.0000e+00],
        [ 4.7892e+04,  8.7000e+01,  3.0000e+00],
        [ 1.4130e+04,  1.4800e+02, -2.0000e+00],
        ...,
        [ 3.0771e+04,  8.8000e+01,  0.0000e+00],
        [ 4.8234e+04,  1.2100e+02,  4.0000e+00],
        [ 6.2025e+04,  6.9000e+01,  1.0000e+00]], dtype=torch.float64)
tensor([[ 4.5168e+04,  3.5000e+01,  4.0000e+00],
        [ 2.0266e+04,  5.4000e+01,  4.0000e+00],
        [ 9.4800e+02,  4.7000e+01,  7.0000e+00],
        ...,
        [ 5.2585e+04,  1.2900e+02, -1.0000e+00],
        [ 3.2341e+04,  4.7000e+01,  0.0000e+00],
        [ 4.9638e+04,  1.1000e+02,  1.0000e+00]], dtype=torch.float64)
tensor([[ 2.8253e+04,  7.0000e+00,  8.0000e+00],
        [ 9.3750e+03,  1.4000e+02,  1.0000e+00],
        [ 1.1690e+03,  1.3100e+02, -5.0000e+00],
        ...,
        [ 4.4880e+03,  1.3400e+02,  2.0000e+00],
        [ 2.3590e+03,  9.3000e+01,  2.0000e+00],
        [ 5.0918e+04,  1.2700e+02,  5.0000e+00]], dtype=torch.float64)
tensor([[ 1.8520e+04,  1.5000e+01,  4.0000e+00],
        [ 2.1007e+04,  1.4500e+02,  5.0000e+00],
        [ 8.1700e+02,  6.4000e+01, -6.0000e+00],
        ...,
        [ 6.2381e+04,  1.0400e+02, -3.0000e+00],
        [ 3.7276e+04,  1.1300e+02, -9.0000e+00],
        [ 2.0060e+03,  1.3900e+02,  0.0000e+00]], dtype=torch.float64)
tensor([[ 3.3256e+04,  8.9000e+01, -7.0000e+00],
        [ 7.2270e+03,  9.6000e+01,  3.0000e+00],
        [ 1.8273e+04,  7.8000e+01, -3.0000e+00],
        ...,
        [ 1.9443e+04,  1.1400e+02,  6.0000e+00],
        [ 5.9094e+04,  3.6000e+01, -9.0000e+00],
        [ 1.3967e+04,  7.2000e+01,  4.0000e+00]], dtype=torch.float64)
tensor([[ 1.2765e+04,  5.0000e+01,  8.0000e+00],
        [ 4.2190e+04,  7.6000e+01, -2.0000e+00],
        [ 6.0127e+04,  4.8000e+01,  0.0000e+00],
        ...,
        [ 1.1901e+04,  1.3000e+01,  3.0000e+00],
        [ 3.0971e+04,  2.3000e+01, -2.0000e+00],
        [ 1.2830e+03,  2.2000e+01, -7.0000e+00]], dtype=torch.float64)
tensor([[ 1.7763e+04,  1.4000e+02, -7.0000e+00],
        [ 2.8480e+04,  7.2000e+01,  3.0000e+00],
        [ 6.3782e+04,  8.0000e+00,  9.0000e+00],
        ...,
        [ 5.6676e+04,  1.7000e+01,  9.0000e+00],
        [ 4.3054e+04,  8.8000e+01,  3.0000e+00],
        [ 3.7721e+04,  1.3000e+02,  0.0000e+00]], dtype=torch.float64)
tensor([[ 1.6651e+04,  2.3000e+01, -7.0000e+00],
        [ 3.2686e+04,  8.0000e+00,  3.0000e+00],
        [ 5.4601e+04,  7.0000e+00, -5.0000e+00],
        ...,
        [ 1.7121e+04,  1.4800e+02,  2.0000e+00],
        [ 6.3377e+04,  1.0100e+02,  4.0000e+00],
        [ 1.8397e+04,  1.0900e+02,  0.0000e+00]], dtype=torch.float64)
tensor([[ 2.1235e+04,  4.0000e+01,  3.0000e+00],
        [ 1.9564e+04,  1.4600e+02,  8.0000e+00],
        [ 5.2553e+04,  1.8000e+01, -2.0000e+00],
        ...,
        [ 5.1554e+04,  1.3000e+01,  9.0000e+00],
        [ 3.5160e+04,  9.2000e+01, -2.0000e+00],
        [ 3.0778e+04,  6.9000e+01,  5.0000e+00]], dtype=torch.float64)
tensor([[ 3.1911e+04,  1.0900e+02, -2.0000e+00],
        [ 2.5010e+03,  9.7000e+01,  9.0000e+00],
        [ 2.8449e+04,  5.8000e+01, -2.0000e+00],
        ...,
        [ 1.9026e+04,  1.2500e+02,  1.0000e+00],
        [ 1.2174e+04,  1.3200e+02,  6.0000e+00],
        [ 6.0732e+04,  1.2600e+02,  6.0000e+00]], dtype=torch.float64)
tensor([[ 3.9864e+04,  1.8000e+01,  4.0000e+00],
        [ 1.2700e+03,  1.7000e+01,  5.0000e+00],
        [ 3.4896e+04,  5.4000e+01,  3.0000e+00],
        ...,
        [ 3.4834e+04,  1.1900e+02,  3.0000e+00],
        [ 5.2799e+04,  9.2000e+01, -1.0000e+00],
        [ 3.8002e+04,  1.0500e+02,  1.0000e+00]], dtype=torch.float64)
tensor([[ 5.6882e+04,  1.8000e+01, -9.0000e+00],
        [ 5.3154e+04,  6.9000e+01,  2.0000e+00],
        [ 1.7590e+04,  1.5000e+01,  0.0000e+00],
        ...,
        [ 3.2116e+04,  1.2900e+02,  0.0000e+00],
        [ 5.2252e+04,  8.0000e+00,  5.0000e+00],
        [ 4.0556e+04,  6.8000e+01,  2.0000e+00]], dtype=torch.float64)
tensor([[3.0522e+04, 4.6000e+01, 3.0000e+00],
        [5.0310e+04, 1.0500e+02, 0.0000e+00],
        [1.7508e+04, 1.1900e+02, 0.0000e+00],
        ...,
        [5.5221e+04, 2.1000e+01, 5.0000e+00],
        [4.7089e+04, 1.9000e+01, 2.0000e+00],
        [5.6576e+04, 1.2600e+02, 5.0000e+00]], dtype=torch.float64)
tensor([[ 2.4548e+04,  7.6000e+01,  0.0000e+00],
        [ 5.9058e+04,  1.7000e+01,  6.0000e+00],
        [ 2.7099e+04,  1.5000e+01, -8.0000e+00],
        ...,
        [ 3.9096e+04,  2.8000e+01, -2.0000e+00],
        [ 3.3812e+04,  1.3600e+02,  3.0000e+00],
        [ 4.6152e+04,  1.5000e+02,  4.0000e+00]], dtype=torch.float64)
tensor([[ 1.9598e+04,  1.2200e+02,  5.0000e+00],
        [ 3.4214e+04,  7.2000e+01, -8.0000e+00],
        [ 3.6461e+04,  3.2000e+01,  5.0000e+00],
        ...,
        [ 4.6703e+04,  1.4300e+02,  4.0000e+00],
        [ 4.7260e+04,  3.5000e+01, -9.0000e+00],
        [ 7.9570e+03,  1.6000e+01,  4.0000e+00]], dtype=torch.float64)
tensor([[ 5.9395e+04,  1.6000e+01, -7.0000e+00],
        [ 4.8683e+04,  1.2700e+02,  7.0000e+00],
        [ 3.3666e+04,  8.9000e+01,  9.0000e+00],
        ...,
        [ 5.9096e+04,  5.0000e+01,  4.0000e+00],
        [ 2.7140e+03,  1.3100e+02,  5.0000e+00],
        [ 2.6001e+04,  2.1000e+01,  4.0000e+00]], dtype=torch.float64)
tensor([[ 4.6916e+04,  1.8000e+01, -2.0000e+00],
        [ 2.8205e+04,  6.8000e+01,  1.0000e+00],
        [ 6.3040e+04,  1.0500e+02,  5.0000e+00],
        ...,
        [ 1.8135e+04,  1.1700e+02,  5.0000e+00],
        [ 4.6293e+04,  1.6000e+01,  2.0000e+00],
        [ 6.0091e+04,  8.0000e+00, -6.0000e+00]], dtype=torch.float64)
tensor([[ 4.9576e+04,  9.8000e+01,  3.0000e+00],
        [ 2.5626e+04,  1.9000e+01,  0.0000e+00],
        [ 1.4310e+03,  1.2200e+02, -6.0000e+00],
        ...,
        [ 1.8530e+03,  1.6000e+01, -4.0000e+00],
        [ 5.7760e+04,  3.2000e+01,  4.0000e+00],
        [ 4.6667e+04,  6.3000e+01,  2.0000e+00]], dtype=torch.float64)
tensor([[ 6.0167e+04,  5.3000e+01, -3.0000e+00],
        [ 1.1824e+04,  1.4300e+02, -1.0000e+00],
        [ 4.7795e+04,  9.2000e+01,  0.0000e+00],
        ...,
        [ 3.2281e+04,  7.4000e+01, -4.0000e+00],
        [ 3.7712e+04,  8.0000e+00, -2.0000e+00],
        [ 4.2154e+04,  1.0100e+02,  5.0000e+00]], dtype=torch.float64)
tensor([[ 3.1173e+04,  1.6000e+01,  4.0000e+00],
        [ 3.4670e+03,  2.4000e+01, -7.0000e+00],
        [ 2.0667e+04,  1.2500e+02,  7.0000e+00],
        ...,
        [ 4.1131e+04,  1.3900e+02,  2.0000e+00],
        [ 1.9103e+04,  9.8000e+01, -3.0000e+00],
        [ 2.9114e+04,  7.0000e+00,  1.0000e+00]], dtype=torch.float64)
tensor([[ 3.9895e+04,  1.3400e+02,  3.0000e+00],
        [ 3.3384e+04,  1.8000e+01, -5.0000e+00],
        [ 9.7850e+03,  1.2100e+02,  6.0000e+00],
        ...,
        [ 1.7020e+03,  1.2500e+02,  1.0000e+00],
        [ 1.0633e+04,  1.3000e+02, -4.0000e+00],
        [ 3.4768e+04,  5.3000e+01, -5.0000e+00]], dtype=torch.float64)
tensor([[ 3.9808e+04,  8.6000e+01,  1.0000e+00],
        [ 3.8123e+04,  7.5000e+01, -3.0000e+00],
        [ 3.9324e+04,  1.3000e+01,  0.0000e+00],
        ...,
        [ 4.2500e+02,  1.2300e+02, -5.0000e+00],
        [ 3.1965e+04,  7.0000e+00, -4.0000e+00],
        [ 4.3877e+04,  1.4000e+02,  9.0000e+00]], dtype=torch.float64)
tensor([[1.7565e+04, 3.6000e+01, 2.0000e+00],
        [3.7622e+04, 1.1000e+02, 8.0000e+00],
        [8.6970e+03, 8.9000e+01, 8.0000e+00],
        ...,
        [1.7228e+04, 1.6000e+01, 1.0000e+00],
        [2.1957e+04, 7.8000e+01, 0.0000e+00],
        [4.4622e+04, 1.0500e+02, 2.0000e+00]], dtype=torch.float64)
tensor([[3.7790e+04, 1.5000e+01, 3.0000e+00],
        [1.7814e+04, 7.2000e+01, 6.0000e+00],
        [3.9618e+04, 1.8000e+01, 1.0000e+00],
        ...,
        [4.7351e+04, 1.6000e+01, 1.0000e+00],
        [2.1354e+04, 9.6000e+01, 0.0000e+00],
        [1.7412e+04, 1.5000e+01, 3.0000e+00]], dtype=torch.float64)
tensor([[ 1.9329e+04,  1.2000e+02, -4.0000e+00],
        [ 3.2976e+04,  7.6000e+01,  3.0000e+00],
        [ 2.1407e+04,  7.7000e+01,  3.0000e+00],
        ...,
        [ 2.4262e+04,  1.7000e+01,  2.0000e+00],
        [ 4.3019e+04,  8.9000e+01,  0.0000e+00],
        [ 3.9623e+04,  5.6000e+01,  4.0000e+00]], dtype=torch.float64)
tensor([[ 3.6719e+04,  1.3000e+01, -7.0000e+00],
        [ 3.7543e+04,  1.1000e+02,  8.0000e+00],
        [ 3.1550e+04,  9.7000e+01,  5.0000e+00],
        ...,
        [ 6.0027e+04,  3.2000e+01,  9.0000e+00],
        [ 3.6587e+04,  5.6000e+01, -2.0000e+00],
        [ 2.9445e+04,  1.3100e+02,  5.0000e+00]], dtype=torch.float64)
tensor([[ 9.2500e+02,  1.3100e+02, -7.0000e+00],
        [ 4.8005e+04,  6.9000e+01,  0.0000e+00],
        [ 4.0338e+04,  1.4900e+02,  0.0000e+00],
        ...,
        [ 3.6288e+04,  9.6000e+01, -2.0000e+00],
        [ 4.3830e+04,  1.2500e+02,  9.0000e+00],
        [ 5.8264e+04,  9.6000e+01,  5.0000e+00]], dtype=torch.float64)
tensor([[ 3.6725e+04,  6.9000e+01,  7.0000e+00],
        [ 2.2537e+04,  3.2000e+01, -3.0000e+00],
        [ 4.2228e+04,  1.3000e+01,  4.0000e+00],
        ...,
        [ 4.5594e+04,  6.5000e+01,  7.0000e+00],
        [ 5.1505e+04,  1.1200e+02,  0.0000e+00],
        [ 5.8670e+04,  7.2000e+01,  9.0000e+00]], dtype=torch.float64)
tensor([[ 6.3450e+03,  4.7000e+01, -3.0000e+00],
        [ 5.3849e+04,  1.5000e+01,  4.0000e+00],
        [ 4.6978e+04,  8.4000e+01, -5.0000e+00],
        ...,
        [ 8.5070e+03,  8.0000e+00, -9.0000e+00],
        [ 2.0167e+04,  4.9000e+01,  7.0000e+00],
        [ 2.3779e+04,  1.3800e+02, -8.0000e+00]], dtype=torch.float64)
tensor([[ 2.9571e+04,  6.5000e+01,  7.0000e+00],
        [ 5.6611e+04,  1.3700e+02,  1.0000e+01],
        [ 3.8823e+04,  1.2700e+02,  1.0000e+00],
        ...,
        [ 5.4773e+04,  1.3000e+01,  2.0000e+00],
        [ 5.1930e+03,  7.2000e+01, -9.0000e+00],
        [ 1.5702e+04,  6.5000e+01, -1.0000e+00]], dtype=torch.float64)
tensor([[ 1.8769e+04,  8.9000e+01,  1.0000e+01],
        [ 1.8240e+04,  1.1700e+02,  1.0000e+00],
        [ 6.7030e+03,  7.0000e+00, -1.0000e+01],
        ...,
        [ 4.9479e+04,  9.2000e+01,  2.0000e+00],
        [ 5.1890e+04,  1.6000e+01, -2.0000e+00],
        [ 2.8909e+04,  9.9000e+01, -1.0000e+00]], dtype=torch.float64)
tensor([[ 1.8330e+03,  5.5000e+01, -1.0000e+00],
        [ 3.4054e+04,  5.0000e+01,  1.0000e+00],
        [ 5.9305e+04,  1.5000e+01,  0.0000e+00],
        ...,
        [ 5.5067e+04,  5.3000e+01, -4.0000e+00],
        [ 3.3008e+04,  3.5000e+01,  6.0000e+00],
        [ 5.7301e+04,  7.2000e+01,  5.0000e+00]], dtype=torch.float64)
tensor([[ 3.4931e+04,  1.7000e+01, -3.0000e+00],
        [ 5.1283e+04,  6.9000e+01,  5.0000e+00],
        [ 3.6720e+03,  6.5000e+01,  6.0000e+00],
        ...,
        [ 1.8600e+02,  5.3000e+01,  0.0000e+00],
        [ 3.7072e+04,  1.6000e+01,  7.0000e+00],
        [ 5.3195e+04,  3.2000e+01,  1.0000e+00]], dtype=torch.float64)
tensor([[ 1.3629e+04,  1.4800e+02,  6.0000e+00],
        [ 1.2191e+04,  1.3200e+02,  8.0000e+00],
        [ 4.3852e+04,  1.3000e+01,  3.0000e+00],
        ...,
        [ 3.2816e+04,  1.3400e+02,  8.0000e+00],
        [ 6.0668e+04,  1.3100e+02, -9.0000e+00],
        [ 5.1903e+04,  1.8000e+01, -4.0000e+00]], dtype=torch.float64)
tensor([[ 4.5297e+04,  6.7000e+01,  0.0000e+00],
        [ 2.6997e+04,  7.0000e+00, -4.0000e+00],
        [ 6.1409e+04,  5.4000e+01, -9.0000e+00],
        ...,
        [ 6.2477e+04,  6.0000e+01,  4.0000e+00],
        [ 2.2382e+04,  1.9000e+01,  8.0000e+00],
        [ 1.4694e+04,  1.2100e+02,  3.0000e+00]], dtype=torch.float64)
tensor([[ 3.5309e+04,  1.1000e+02, -1.0000e+00],
        [ 6.2500e+02,  1.6000e+01, -9.0000e+00],
        [ 1.4076e+04,  1.3000e+02, -2.0000e+00],
        ...,
        [ 3.2691e+04,  1.2500e+02,  1.0000e+00],
        [ 3.0406e+04,  7.0000e+00,  6.0000e+00],
        [ 3.6864e+04,  9.3000e+01,  4.0000e+00]], dtype=torch.float64)
tensor([[3.8387e+04, 1.2900e+02, 3.0000e+00],
        [4.3570e+04, 8.9000e+01, 2.0000e+00],
        [3.5807e+04, 1.3500e+02, 5.0000e+00],
        ...,
        [3.2519e+04, 3.0000e+01, 3.0000e+00],
        [2.4575e+04, 7.8000e+01, 8.0000e+00],
        [1.0390e+03, 1.3600e+02, 0.0000e+00]], dtype=torch.float64)
tensor([[ 5.5954e+04,  6.2000e+01,  1.0000e+00],
        [ 5.7957e+04,  1.0600e+02,  5.0000e+00],
        [ 1.2564e+04,  1.0900e+02,  4.0000e+00],
        ...,
        [ 2.9888e+04,  1.4200e+02, -9.0000e+00],
        [ 3.8191e+04,  8.0000e+00,  0.0000e+00],
        [ 1.0490e+03,  1.2200e+02,  1.0000e+00]], dtype=torch.float64)
tensor([[ 5.1507e+04,  3.5000e+01, -8.0000e+00],
        [ 5.9010e+03,  1.1800e+02,  5.0000e+00],
        [ 2.9275e+04,  1.3800e+02,  3.0000e+00],
        ...,
        [ 2.1375e+04,  3.6000e+01,  4.0000e+00],
        [ 5.9129e+04,  2.9000e+01, -8.0000e+00],
        [ 4.0062e+04,  1.5000e+01, -1.0000e+00]], dtype=torch.float64)
tensor([[ 3.4029e+04,  1.3000e+01, -3.0000e+00],
        [ 3.3487e+04,  1.0800e+02,  8.0000e+00],
        [ 3.4784e+04,  9.7000e+01,  0.0000e+00],
        ...,
        [ 4.0813e+04,  2.2000e+01, -6.0000e+00],
        [ 6.0314e+04,  1.3800e+02,  6.0000e+00],
        [ 5.7880e+04,  1.6000e+01, -7.0000e+00]], dtype=torch.float64)
tensor([[4.1279e+04, 1.2900e+02, 0.0000e+00],
        [2.4352e+04, 1.1700e+02, 0.0000e+00],
        [1.8445e+04, 1.0600e+02, 8.0000e+00],
        ...,
        [1.8028e+04, 1.1000e+02, 3.0000e+00],
        [4.8713e+04, 8.9000e+01, 4.0000e+00],
        [6.1092e+04, 1.0600e+02, 1.0000e+00]], dtype=torch.float64)
tensor([[ 4.7334e+04,  7.8000e+01,  5.0000e+00],
        [ 4.5471e+04,  1.3000e+02,  0.0000e+00],
        [ 8.0200e+02,  3.7000e+01,  9.0000e+00],
        ...,
        [ 3.1170e+03,  1.3000e+01, -3.0000e+00],
        [ 2.8762e+04,  7.0000e+00, -3.0000e+00],
        [ 4.3866e+04,  1.3900e+02, -5.0000e+00]], dtype=torch.float64)
tensor([[ 3.5062e+04,  1.0500e+02, -1.0000e+00],
        [ 3.1277e+04,  1.2200e+02,  7.0000e+00],
        [ 6.3550e+03,  1.3000e+02, -8.0000e+00],
        ...,
        [ 6.0990e+04,  1.3200e+02, -3.0000e+00],
        [ 3.3578e+04,  1.3500e+02,  1.0000e+00],
        [ 4.1421e+04,  3.2000e+01,  7.0000e+00]], dtype=torch.float64)
tensor([[ 1.4084e+04,  1.9000e+01,  8.0000e+00],
        [ 4.6252e+04,  1.2900e+02,  7.0000e+00],
        [ 6.0040e+04,  8.9000e+01,  4.0000e+00],
        ...,
        [ 4.6518e+04,  1.0300e+02, -4.0000e+00],
        [ 6.3248e+04,  7.0000e+00, -8.0000e+00],
        [ 3.2289e+04,  2.9000e+01,  5.0000e+00]], dtype=torch.float64)